{
 "cells": [
  {
   "cell_type": "markdown",
   "id": "ce399e4a",
   "metadata": {},
   "source": [
    "# Package installation"
   ]
  },
  {
   "cell_type": "code",
   "execution_count": 49,
   "id": "8822ab58",
   "metadata": {},
   "outputs": [
    {
     "name": "stdout",
     "output_type": "stream",
     "text": [
      "Collecting galois\n",
      "  Downloading galois-0.4.11-py3-none-any.whl.metadata (14 kB)\n",
      "Requirement already satisfied: numpy>=1.21.0 in c:\\Users\\user\\Desktop\\Universidad\\Encription Algorithm\\Feature-Projects\\.venv\\Lib\\site-packages (from galois) (2.4.4)\n",
      "Collecting numba>=0.55 (from galois)\n",
      "  Downloading numba-0.65.1-cp313-cp313-win_amd64.whl.metadata (3.0 kB)\n",
      "Requirement already satisfied: typing_extensions>=4.0.0 in c:\\Users\\user\\Desktop\\Universidad\\Encription Algorithm\\Feature-Projects\\.venv\\Lib\\site-packages (from galois) (4.15.0)\n",
      "Collecting llvmlite<0.48,>=0.47.0dev0 (from numba>=0.55->galois)\n",
      "  Downloading llvmlite-0.47.0-cp313-cp313-win_amd64.whl.metadata (5.1 kB)\n",
      "Downloading galois-0.4.11-py3-none-any.whl (4.2 MB)\n",
      "   ---------------------------------------- 0.0/4.2 MB ? eta -:--:--\n",
      "   ------------------- -------------------- 2.1/4.2 MB 16.3 MB/s eta 0:00:01\n",
      "   ---------------------------------------- 4.2/4.2 MB 12.7 MB/s  0:00:00\n",
      "Downloading numba-0.65.1-cp313-cp313-win_amd64.whl (2.8 MB)\n",
      "   ---------------------------------------- 0.0/2.8 MB ? eta -:--:--\n",
      "   ---------------------------------------- 2.8/2.8 MB 87.8 MB/s  0:00:00\n",
      "Downloading llvmlite-0.47.0-cp313-cp313-win_amd64.whl (38.1 MB)\n",
      "   ---------------------------------------- 0.0/38.1 MB ? eta -:--:--\n",
      "   ------------------------- -------------- 24.4/38.1 MB 116.5 MB/s eta 0:00:01\n",
      "   ---------------------------------------- 38.1/38.1 MB 106.9 MB/s  0:00:00\n",
      "Installing collected packages: llvmlite, numba, galois\n",
      "\n",
      "   ---------------------------------------- 0/3 [llvmlite]\n",
      "   ---------------------------------------- 0/3 [llvmlite]\n",
      "   ---------------------------------------- 0/3 [llvmlite]\n",
      "   ---------------------------------------- 0/3 [llvmlite]\n",
      "   ------------- -------------------------- 1/3 [numba]\n",
      "   ------------- -------------------------- 1/3 [numba]\n",
      "   ------------- -------------------------- 1/3 [numba]\n",
      "   ------------- -------------------------- 1/3 [numba]\n",
      "   ------------- -------------------------- 1/3 [numba]\n",
      "   ------------- -------------------------- 1/3 [numba]\n",
      "   ------------- -------------------------- 1/3 [numba]\n",
      "   ------------- -------------------------- 1/3 [numba]\n",
      "   ------------- -------------------------- 1/3 [numba]\n",
      "   ------------- -------------------------- 1/3 [numba]\n",
      "   ------------- -------------------------- 1/3 [numba]\n",
      "   ------------- -------------------------- 1/3 [numba]\n",
      "   ------------- -------------------------- 1/3 [numba]\n",
      "   ------------- -------------------------- 1/3 [numba]\n",
      "   ------------- -------------------------- 1/3 [numba]\n",
      "   ------------- -------------------------- 1/3 [numba]\n",
      "   ------------- -------------------------- 1/3 [numba]\n",
      "   ------------- -------------------------- 1/3 [numba]\n",
      "   ------------- -------------------------- 1/3 [numba]\n",
      "   ------------- -------------------------- 1/3 [numba]\n",
      "   ------------- -------------------------- 1/3 [numba]\n",
      "   ------------- -------------------------- 1/3 [numba]\n",
      "   ------------- -------------------------- 1/3 [numba]\n",
      "   ------------- -------------------------- 1/3 [numba]\n",
      "   ------------- -------------------------- 1/3 [numba]\n",
      "   ------------- -------------------------- 1/3 [numba]\n",
      "   ------------- -------------------------- 1/3 [numba]\n",
      "   ------------- -------------------------- 1/3 [numba]\n",
      "   ------------- -------------------------- 1/3 [numba]\n",
      "   ------------- -------------------------- 1/3 [numba]\n",
      "   ------------- -------------------------- 1/3 [numba]\n",
      "   ------------- -------------------------- 1/3 [numba]\n",
      "   ------------- -------------------------- 1/3 [numba]\n",
      "   ------------- -------------------------- 1/3 [numba]\n",
      "   ------------- -------------------------- 1/3 [numba]\n",
      "   ------------- -------------------------- 1/3 [numba]\n",
      "   ------------- -------------------------- 1/3 [numba]\n",
      "   ------------- -------------------------- 1/3 [numba]\n",
      "   ------------- -------------------------- 1/3 [numba]\n",
      "   ------------- -------------------------- 1/3 [numba]\n",
      "   ------------- -------------------------- 1/3 [numba]\n",
      "   ------------- -------------------------- 1/3 [numba]\n",
      "   ------------- -------------------------- 1/3 [numba]\n",
      "   ------------- -------------------------- 1/3 [numba]\n",
      "   ------------- -------------------------- 1/3 [numba]\n",
      "   -------------------------- ------------- 2/3 [galois]\n",
      "   -------------------------- ------------- 2/3 [galois]\n",
      "   -------------------------- ------------- 2/3 [galois]\n",
      "   ---------------------------------------- 3/3 [galois]\n",
      "\n",
      "Successfully installed galois-0.4.11 llvmlite-0.47.0 numba-0.65.1\n",
      "Note: you may need to restart the kernel to use updated packages.\n"
     ]
    }
   ],
   "source": [
    "#%pip install numpy\n",
    "#%pip install pillow\n",
    "#%pip install matplotlib\n",
    "#%pip install tensorflow\n",
    "#%pip install mpmath\n",
    "%pip install galois"
   ]
  },
  {
   "cell_type": "code",
   "execution_count": 50,
   "id": "843a2498",
   "metadata": {},
   "outputs": [],
   "source": [
    "import numpy as np\n",
    "from PIL import Image\n",
    "from itertools import permutations\n",
    "from typing import List\n",
    "from itertools import permutations\n",
    "import matplotlib.pyplot as plt\n",
    "import secrets\n",
    "import galois"
   ]
  },
  {
   "cell_type": "markdown",
   "id": "eb3fddfb",
   "metadata": {},
   "source": [
    "# ALgorith preparation"
   ]
  },
  {
   "cell_type": "markdown",
   "id": "38b6228b",
   "metadata": {},
   "source": [
    "## KEYS"
   ]
  },
  {
   "cell_type": "code",
   "execution_count": 53,
   "id": "25d7164c",
   "metadata": {},
   "outputs": [],
   "source": [
    "def generar_llave(n: int) -> List[List[int]]:\n",
    "    \"\"\"\n",
    "    Genera una llave de tamaño n (n % 3 == 0),\n",
    "    aplica DTQW global, luego divide en 3 partes iguales\n",
    "    y aplica DTQW nuevamente a cada segmento.\n",
    "    Retorna un array de longitud 3.\n",
    "    \"\"\"\n",
    "\n",
    "    if n < 15 or n % 3 != 0:\n",
    "        raise ValueError(\"n debe ser >= 15 y divisible por 3\")\n",
    "\n",
    "    seed = np.random.SeedSequence().entropy\n",
    "    rng = np.random.default_rng(seed)\n",
    "\n",
    "    def generar_aleatoria():\n",
    "        return rng.integers(0, 24, size=n).tolist()\n",
    "\n",
    "    def coin_matrix(theta):\n",
    "        return np.array(\n",
    "            [[np.cos(theta), np.sin(theta)], [np.sin(theta), -np.cos(theta)]]\n",
    "        )\n",
    "\n",
    "    def shift(psi):\n",
    "        psi_new = np.zeros_like(psi)\n",
    "        psi_new[0, :] = np.roll(psi[0, :], -1)\n",
    "        psi_new[1, :] = np.roll(psi[1, :], 1)\n",
    "        return psi_new\n",
    "\n",
    "    def reordenar(K):\n",
    "        m = len(K)\n",
    "\n",
    "        suma = K[0] + K[1] + K[2]\n",
    "        theta1 = (K[0] / suma) * (np.pi / 2)\n",
    "        theta2 = (K[1] / suma) * (np.pi / 2)\n",
    "        theta3 = (K[2] / suma) * (np.pi / 2)\n",
    "\n",
    "        m_bits = [int(b) for b in format(K[3], \"08b\")]\n",
    "        r_pasos = K[3] + K[4]\n",
    "\n",
    "        psi = np.zeros((2, m), dtype=complex)\n",
    "        psi[0, 0] = 1.0\n",
    "\n",
    "        for t in range(r_pasos):\n",
    "            if t < len(m_bits):\n",
    "                theta = theta1 if m_bits[t] == 0 else theta2\n",
    "            else:\n",
    "                theta = theta3\n",
    "\n",
    "            C = coin_matrix(theta)\n",
    "            psi_after = np.zeros_like(psi)\n",
    "\n",
    "            for j in range(m):\n",
    "                psi_after[:, j] = C @ psi[:, j]\n",
    "\n",
    "            psi = shift(psi_after)\n",
    "\n",
    "        probs = np.abs(psi[0]) ** 2 + np.abs(psi[1]) ** 2\n",
    "        orden = np.argsort(probs)[::-1]\n",
    "\n",
    "        return [K[i] for i in orden]\n",
    "\n",
    "    # 1. Generar llave base\n",
    "    K = generar_aleatoria()\n",
    "\n",
    "    # 2. DTQW global\n",
    "    K_global = reordenar(K)\n",
    "\n",
    "    # 3. Dividir en 3 partes\n",
    "    size = n // 3\n",
    "    K1 = K_global[:size]\n",
    "    K2 = K_global[size : 2 * size]\n",
    "    K3 = K_global[2 * size :]\n",
    "\n",
    "    # 4. DTQW por segmento\n",
    "    K1 = reordenar(K1)\n",
    "    K2 = reordenar(K2)\n",
    "    K3 = reordenar(K3)\n",
    "\n",
    "    # 5. Retorno\n",
    "    return [K1, K2, K3]"
   ]
  },
  {
   "cell_type": "markdown",
   "id": "0db8bb1c",
   "metadata": {},
   "source": [
    "## Image"
   ]
  },
  {
   "cell_type": "code",
   "execution_count": 54,
   "id": "d61f99b3",
   "metadata": {},
   "outputs": [],
   "source": [
    "def visualizar_canal_color(canal_img: Image.Image, color: str) -> Image.Image:\n",
    "    color = color.upper()\n",
    "    if color not in [\"R\", \"G\", \"B\"]:\n",
    "        raise ValueError()\n",
    "\n",
    "    arr = np.array(canal_img)\n",
    "    zeros = np.zeros_like(arr)\n",
    "\n",
    "    if color == \"R\":\n",
    "        rgb = np.stack([arr, zeros, zeros], axis=2)\n",
    "    elif color == \"G\":\n",
    "        rgb = np.stack([zeros, arr, zeros], axis=2)\n",
    "    else:\n",
    "        rgb = np.stack([zeros, zeros, arr], axis=2)\n",
    "\n",
    "    return Image.fromarray(rgb, mode=\"RGB\")\n",
    "\n",
    "\n",
    "def obtener_rgb(ruta_png: str):\n",
    "    img = Image.open(ruta_png).convert(\"RGB\")\n",
    "    r_img, g_img, b_img = img.split()\n",
    "    return r_img, g_img, b_img"
   ]
  },
  {
   "cell_type": "markdown",
   "id": "9d42c840",
   "metadata": {},
   "source": [
    "## Cipher"
   ]
  },
  {
   "cell_type": "code",
   "execution_count": null,
   "id": "c56340e9",
   "metadata": {},
   "outputs": [],
   "source": [
    "GF = galois.GF(256)\n",
    "\n",
    "\n",
    "def generar_matriz_invertible_gf(dim: int, seed_val: int) -> galois.FieldArray:\n",
    "    \"\"\"\n",
    "    Reemplaza a generar_matriz_mezcla (que usaba QR y floats).\n",
    "    Genera una matriz aleatoria en GF(256) garantizando que sea invertible (Determinante != 0).\n",
    "    \"\"\"\n",
    "    rng = np.random.default_rng(seed_val)\n",
    "    while True:\n",
    "        M_np = rng.integers(0, 256, (dim, dim))\n",
    "        M_gf = GF(M_np)\n",
    "        if np.linalg.det(M_gf) != 0:\n",
    "            return M_gf\n",
    "\n",
    "\n",
    "def canal_a_bloques_gf(canal_arr: np.ndarray) -> galois.FieldArray:\n",
    "    \"\"\"Convierte un canal plano a bloques 4xN en formato Galois.\"\"\"\n",
    "    arr = canal_arr.flatten()\n",
    "    pad = (4 - len(arr) % 4) % 4\n",
    "    if pad:\n",
    "        arr = np.concatenate([arr, np.zeros(pad, dtype=arr.dtype)])\n",
    "    return GF(arr.reshape(4, -1))\n",
    "\n",
    "\n",
    "def obtener_rgb_como_bloques_gf(R, G, B):\n",
    "    return canal_a_bloques_gf(R), canal_a_bloques_gf(G), canal_a_bloques_gf(B)\n",
    "\n",
    "\n",
    "def cifrar_canal_gf(canal, matrices_finales: list) -> galois.FieldArray:\n",
    "    \"\"\"Aplica las matrices de cifrado. Forzamos GF() para evitar incompatibilidades.\"\"\"\n",
    "    resultado = GF(canal)\n",
    "    for Mi in matrices_finales:\n",
    "        resultado = GF(Mi) @ resultado\n",
    "    return resultado\n",
    "\n",
    "\n",
    "def mezclar_canales_gf(R_b, G_b, B_b, M_mix):\n",
    "    \"\"\"Mezcla los tres canales. Las envolturas GF() previenen el TypeError.\"\"\"\n",
    "    stack = GF(np.stack([np.asarray(R_b), np.asarray(G_b), np.asarray(B_b)], axis=0))\n",
    "    stack = stack.reshape(3, -1)\n",
    "\n",
    "    # Multiplicación estricta en GF\n",
    "    mezclado = GF(M_mix) @ stack\n",
    "    mezclado = mezclado.reshape(3, 4, -1)\n",
    "    return GF(mezclado[0]), GF(mezclado[1]), GF(mezclado[2])\n",
    "\n",
    "\n",
    "def permutacion_global_pixeles(canal_2d: np.ndarray, seed_val: int) -> np.ndarray:\n",
    "    \"\"\"Destruye la correlación adyacente reordenando linealmente.\"\"\"\n",
    "    rng = np.random.default_rng(seed_val)\n",
    "    h, w = canal_2d.shape\n",
    "    canal_plano = canal_2d.flatten()\n",
    "    idx = rng.permutation(h * w)\n",
    "    return canal_plano[idx].reshape((h, w))\n",
    "\n",
    "\n",
    "def construir_llave_permutacion_gf(keys: list) -> galois.FieldArray:\n",
    "    K1, K2, K3 = GF(keys[0]), GF(keys[1]), GF(keys[2])\n",
    "    return K1 + K2 + K3\n",
    "\n",
    "\n",
    "def rotar_columnas(imagen: np.ndarray, K: np.ndarray) -> np.ndarray:\n",
    "    \"\"\"(Queda igual, solo mueve posiciones)\"\"\"\n",
    "    resultado = imagen.copy()\n",
    "    h_img, w_img = imagen.shape\n",
    "    n = len(K)\n",
    "    for i in range(w_img):\n",
    "        # np.asarray asegura que si K viene de GF, se trate como entero normal para el índice\n",
    "        desplazamiento = int(np.asarray(K[i % n])) % h_img\n",
    "        resultado[:, i] = np.roll(imagen[:, i], desplazamiento)\n",
    "    return resultado\n",
    "\n",
    "\n",
    "def permutacion_filas_columnas(imagen: np.ndarray, K: np.ndarray) -> np.ndarray:\n",
    "    \"\"\"(Queda igual, aunque te recomiendo usar permutacion_global_pixeles para más seguridad)\"\"\"\n",
    "    img_col = rotar_columnas(imagen, K)\n",
    "    img_fila = rotar_columnas(img_col.T, K).T\n",
    "    return img_fila\n",
    "\n",
    "\n",
    "def generar_matrices_4x4_gf(seed_val: int) -> list:\n",
    "    \"\"\"Genera las matrices de cifrado para cada canal usando Galois.\"\"\"\n",
    "    rng = np.random.default_rng(seed_val)\n",
    "    seeds = rng.integers(0, 2**32 - 1, size=(3, 2))\n",
    "\n",
    "    matrices_sets = []\n",
    "    for c in range(3):\n",
    "        matrices_canal = [generar_matriz_invertible_gf(4, int(s)) for s in seeds[c]]\n",
    "        matrices_sets.append(matrices_canal)\n",
    "    return matrices_sets\n",
    "\n",
    "\n",
    "def matrices_encriptacion(llave: List[int], matrices_rotacion):\n",
    "    matrices_encript = []\n",
    "    for item in llave:\n",
    "        matrices_encript.append(matrices_rotacion[item % 24])\n",
    "    return matrices_encript"
   ]
  },
  {
   "cell_type": "markdown",
   "id": "88c8924c",
   "metadata": {},
   "source": [
    "# Cipher Implementation Algorithm"
   ]
  },
  {
   "cell_type": "code",
   "execution_count": null,
   "id": "e209be92",
   "metadata": {},
   "outputs": [
    {
     "name": "stdout",
     "output_type": "stream",
     "text": [
      "RED [array([[ 63., 122.,  50.,  73.],\n",
      "       [ 20.,  24.,  41.,  62.],\n",
      "       [ 96.,  39.,  76.,  78.],\n",
      "       [ 10., 110.,  42.,  39.]]), array([[ 63., 122.,  50.,  73.],\n",
      "       [ 20.,  24.,  41.,  62.],\n",
      "       [ 76.,  78.,  96.,  39.],\n",
      "       [ 42.,  39.,  10., 110.]]), array([[ 63., 122.,  96.,  39.],\n",
      "       [ 20.,  24.,  10., 110.],\n",
      "       [ 50.,  73.,  76.,  78.],\n",
      "       [ 41.,  62.,  42.,  39.]]), array([[ 63., 122.,  96.,  39.],\n",
      "       [ 20.,  24.,  10., 110.],\n",
      "       [ 76.,  78.,  50.,  73.],\n",
      "       [ 42.,  39.,  41.,  62.]]), array([[ 63., 122.,  76.,  78.],\n",
      "       [ 20.,  24.,  42.,  39.],\n",
      "       [ 50.,  73.,  96.,  39.],\n",
      "       [ 41.,  62.,  10., 110.]]), array([[ 63., 122.,  76.,  78.],\n",
      "       [ 20.,  24.,  42.,  39.],\n",
      "       [ 96.,  39.,  50.,  73.],\n",
      "       [ 10., 110.,  41.,  62.]]), array([[ 50.,  73.,  63., 122.],\n",
      "       [ 41.,  62.,  20.,  24.],\n",
      "       [ 96.,  39.,  76.,  78.],\n",
      "       [ 10., 110.,  42.,  39.]]), array([[ 50.,  73.,  63., 122.],\n",
      "       [ 41.,  62.,  20.,  24.],\n",
      "       [ 76.,  78.,  96.,  39.],\n",
      "       [ 42.,  39.,  10., 110.]]), array([[ 50.,  73.,  96.,  39.],\n",
      "       [ 41.,  62.,  10., 110.],\n",
      "       [ 63., 122.,  76.,  78.],\n",
      "       [ 20.,  24.,  42.,  39.]]), array([[ 50.,  73.,  96.,  39.],\n",
      "       [ 41.,  62.,  10., 110.],\n",
      "       [ 76.,  78.,  63., 122.],\n",
      "       [ 42.,  39.,  20.,  24.]]), array([[ 50.,  73.,  76.,  78.],\n",
      "       [ 41.,  62.,  42.,  39.],\n",
      "       [ 63., 122.,  96.,  39.],\n",
      "       [ 20.,  24.,  10., 110.]]), array([[ 50.,  73.,  76.,  78.],\n",
      "       [ 41.,  62.,  42.,  39.],\n",
      "       [ 96.,  39.,  63., 122.],\n",
      "       [ 10., 110.,  20.,  24.]]), array([[ 96.,  39.,  63., 122.],\n",
      "       [ 10., 110.,  20.,  24.],\n",
      "       [ 50.,  73.,  76.,  78.],\n",
      "       [ 41.,  62.,  42.,  39.]]), array([[ 96.,  39.,  63., 122.],\n",
      "       [ 10., 110.,  20.,  24.],\n",
      "       [ 76.,  78.,  50.,  73.],\n",
      "       [ 42.,  39.,  41.,  62.]]), array([[ 96.,  39.,  50.,  73.],\n",
      "       [ 10., 110.,  41.,  62.],\n",
      "       [ 63., 122.,  76.,  78.],\n",
      "       [ 20.,  24.,  42.,  39.]]), array([[ 96.,  39.,  50.,  73.],\n",
      "       [ 10., 110.,  41.,  62.],\n",
      "       [ 76.,  78.,  63., 122.],\n",
      "       [ 42.,  39.,  20.,  24.]]), array([[ 96.,  39.,  76.,  78.],\n",
      "       [ 10., 110.,  42.,  39.],\n",
      "       [ 63., 122.,  50.,  73.],\n",
      "       [ 20.,  24.,  41.,  62.]]), array([[ 96.,  39.,  76.,  78.],\n",
      "       [ 10., 110.,  42.,  39.],\n",
      "       [ 50.,  73.,  63., 122.],\n",
      "       [ 41.,  62.,  20.,  24.]]), array([[ 76.,  78.,  63., 122.],\n",
      "       [ 42.,  39.,  20.,  24.],\n",
      "       [ 50.,  73.,  96.,  39.],\n",
      "       [ 41.,  62.,  10., 110.]]), array([[ 76.,  78.,  63., 122.],\n",
      "       [ 42.,  39.,  20.,  24.],\n",
      "       [ 96.,  39.,  50.,  73.],\n",
      "       [ 10., 110.,  41.,  62.]]), array([[ 76.,  78.,  50.,  73.],\n",
      "       [ 42.,  39.,  41.,  62.],\n",
      "       [ 63., 122.,  96.,  39.],\n",
      "       [ 20.,  24.,  10., 110.]]), array([[ 76.,  78.,  50.,  73.],\n",
      "       [ 42.,  39.,  41.,  62.],\n",
      "       [ 96.,  39.,  63., 122.],\n",
      "       [ 10., 110.,  20.,  24.]]), array([[ 76.,  78.,  96.,  39.],\n",
      "       [ 42.,  39.,  10., 110.],\n",
      "       [ 63., 122.,  50.,  73.],\n",
      "       [ 20.,  24.,  41.,  62.]]), array([[ 76.,  78.,  96.,  39.],\n",
      "       [ 42.,  39.,  10., 110.],\n",
      "       [ 50.,  73.,  63., 122.],\n",
      "       [ 41.,  62.,  20.,  24.]])]\n",
      "BLUE [array([[121., 109.,  84., 128.],\n",
      "       [188., 187.,  78., 148.],\n",
      "       [121.,  72., 168., 127.],\n",
      "       [ 98., 190., 153., 182.]]), array([[121., 109.,  84., 128.],\n",
      "       [188., 187.,  78., 148.],\n",
      "       [168., 127., 121.,  72.],\n",
      "       [153., 182.,  98., 190.]]), array([[121., 109., 121.,  72.],\n",
      "       [188., 187.,  98., 190.],\n",
      "       [ 84., 128., 168., 127.],\n",
      "       [ 78., 148., 153., 182.]]), array([[121., 109., 121.,  72.],\n",
      "       [188., 187.,  98., 190.],\n",
      "       [168., 127.,  84., 128.],\n",
      "       [153., 182.,  78., 148.]]), array([[121., 109., 168., 127.],\n",
      "       [188., 187., 153., 182.],\n",
      "       [ 84., 128., 121.,  72.],\n",
      "       [ 78., 148.,  98., 190.]]), array([[121., 109., 168., 127.],\n",
      "       [188., 187., 153., 182.],\n",
      "       [121.,  72.,  84., 128.],\n",
      "       [ 98., 190.,  78., 148.]]), array([[ 84., 128., 121., 109.],\n",
      "       [ 78., 148., 188., 187.],\n",
      "       [121.,  72., 168., 127.],\n",
      "       [ 98., 190., 153., 182.]]), array([[ 84., 128., 121., 109.],\n",
      "       [ 78., 148., 188., 187.],\n",
      "       [168., 127., 121.,  72.],\n",
      "       [153., 182.,  98., 190.]]), array([[ 84., 128., 121.,  72.],\n",
      "       [ 78., 148.,  98., 190.],\n",
      "       [121., 109., 168., 127.],\n",
      "       [188., 187., 153., 182.]]), array([[ 84., 128., 121.,  72.],\n",
      "       [ 78., 148.,  98., 190.],\n",
      "       [168., 127., 121., 109.],\n",
      "       [153., 182., 188., 187.]]), array([[ 84., 128., 168., 127.],\n",
      "       [ 78., 148., 153., 182.],\n",
      "       [121., 109., 121.,  72.],\n",
      "       [188., 187.,  98., 190.]]), array([[ 84., 128., 168., 127.],\n",
      "       [ 78., 148., 153., 182.],\n",
      "       [121.,  72., 121., 109.],\n",
      "       [ 98., 190., 188., 187.]]), array([[121.,  72., 121., 109.],\n",
      "       [ 98., 190., 188., 187.],\n",
      "       [ 84., 128., 168., 127.],\n",
      "       [ 78., 148., 153., 182.]]), array([[121.,  72., 121., 109.],\n",
      "       [ 98., 190., 188., 187.],\n",
      "       [168., 127.,  84., 128.],\n",
      "       [153., 182.,  78., 148.]]), array([[121.,  72.,  84., 128.],\n",
      "       [ 98., 190.,  78., 148.],\n",
      "       [121., 109., 168., 127.],\n",
      "       [188., 187., 153., 182.]]), array([[121.,  72.,  84., 128.],\n",
      "       [ 98., 190.,  78., 148.],\n",
      "       [168., 127., 121., 109.],\n",
      "       [153., 182., 188., 187.]]), array([[121.,  72., 168., 127.],\n",
      "       [ 98., 190., 153., 182.],\n",
      "       [121., 109.,  84., 128.],\n",
      "       [188., 187.,  78., 148.]]), array([[121.,  72., 168., 127.],\n",
      "       [ 98., 190., 153., 182.],\n",
      "       [ 84., 128., 121., 109.],\n",
      "       [ 78., 148., 188., 187.]]), array([[168., 127., 121., 109.],\n",
      "       [153., 182., 188., 187.],\n",
      "       [ 84., 128., 121.,  72.],\n",
      "       [ 78., 148.,  98., 190.]]), array([[168., 127., 121., 109.],\n",
      "       [153., 182., 188., 187.],\n",
      "       [121.,  72.,  84., 128.],\n",
      "       [ 98., 190.,  78., 148.]]), array([[168., 127.,  84., 128.],\n",
      "       [153., 182.,  78., 148.],\n",
      "       [121., 109., 121.,  72.],\n",
      "       [188., 187.,  98., 190.]]), array([[168., 127.,  84., 128.],\n",
      "       [153., 182.,  78., 148.],\n",
      "       [121.,  72., 121., 109.],\n",
      "       [ 98., 190., 188., 187.]]), array([[168., 127., 121.,  72.],\n",
      "       [153., 182.,  98., 190.],\n",
      "       [121., 109.,  84., 128.],\n",
      "       [188., 187.,  78., 148.]]), array([[168., 127., 121.,  72.],\n",
      "       [153., 182.,  98., 190.],\n",
      "       [ 84., 128., 121., 109.],\n",
      "       [ 78., 148., 188., 187.]])]\n",
      "GREEN [array([[206., 249., 207., 211.],\n",
      "       [215., 174., 211., 131.],\n",
      "       [185., 222., 187., 235.],\n",
      "       [141., 231., 249., 214.]]), array([[206., 249., 207., 211.],\n",
      "       [215., 174., 211., 131.],\n",
      "       [187., 235., 185., 222.],\n",
      "       [249., 214., 141., 231.]]), array([[206., 249., 185., 222.],\n",
      "       [215., 174., 141., 231.],\n",
      "       [207., 211., 187., 235.],\n",
      "       [211., 131., 249., 214.]]), array([[206., 249., 185., 222.],\n",
      "       [215., 174., 141., 231.],\n",
      "       [187., 235., 207., 211.],\n",
      "       [249., 214., 211., 131.]]), array([[206., 249., 187., 235.],\n",
      "       [215., 174., 249., 214.],\n",
      "       [207., 211., 185., 222.],\n",
      "       [211., 131., 141., 231.]]), array([[206., 249., 187., 235.],\n",
      "       [215., 174., 249., 214.],\n",
      "       [185., 222., 207., 211.],\n",
      "       [141., 231., 211., 131.]]), array([[207., 211., 206., 249.],\n",
      "       [211., 131., 215., 174.],\n",
      "       [185., 222., 187., 235.],\n",
      "       [141., 231., 249., 214.]]), array([[207., 211., 206., 249.],\n",
      "       [211., 131., 215., 174.],\n",
      "       [187., 235., 185., 222.],\n",
      "       [249., 214., 141., 231.]]), array([[207., 211., 185., 222.],\n",
      "       [211., 131., 141., 231.],\n",
      "       [206., 249., 187., 235.],\n",
      "       [215., 174., 249., 214.]]), array([[207., 211., 185., 222.],\n",
      "       [211., 131., 141., 231.],\n",
      "       [187., 235., 206., 249.],\n",
      "       [249., 214., 215., 174.]]), array([[207., 211., 187., 235.],\n",
      "       [211., 131., 249., 214.],\n",
      "       [206., 249., 185., 222.],\n",
      "       [215., 174., 141., 231.]]), array([[207., 211., 187., 235.],\n",
      "       [211., 131., 249., 214.],\n",
      "       [185., 222., 206., 249.],\n",
      "       [141., 231., 215., 174.]]), array([[185., 222., 206., 249.],\n",
      "       [141., 231., 215., 174.],\n",
      "       [207., 211., 187., 235.],\n",
      "       [211., 131., 249., 214.]]), array([[185., 222., 206., 249.],\n",
      "       [141., 231., 215., 174.],\n",
      "       [187., 235., 207., 211.],\n",
      "       [249., 214., 211., 131.]]), array([[185., 222., 207., 211.],\n",
      "       [141., 231., 211., 131.],\n",
      "       [206., 249., 187., 235.],\n",
      "       [215., 174., 249., 214.]]), array([[185., 222., 207., 211.],\n",
      "       [141., 231., 211., 131.],\n",
      "       [187., 235., 206., 249.],\n",
      "       [249., 214., 215., 174.]]), array([[185., 222., 187., 235.],\n",
      "       [141., 231., 249., 214.],\n",
      "       [206., 249., 207., 211.],\n",
      "       [215., 174., 211., 131.]]), array([[185., 222., 187., 235.],\n",
      "       [141., 231., 249., 214.],\n",
      "       [207., 211., 206., 249.],\n",
      "       [211., 131., 215., 174.]]), array([[187., 235., 206., 249.],\n",
      "       [249., 214., 215., 174.],\n",
      "       [207., 211., 185., 222.],\n",
      "       [211., 131., 141., 231.]]), array([[187., 235., 206., 249.],\n",
      "       [249., 214., 215., 174.],\n",
      "       [185., 222., 207., 211.],\n",
      "       [141., 231., 211., 131.]]), array([[187., 235., 207., 211.],\n",
      "       [249., 214., 211., 131.],\n",
      "       [206., 249., 185., 222.],\n",
      "       [215., 174., 141., 231.]]), array([[187., 235., 207., 211.],\n",
      "       [249., 214., 211., 131.],\n",
      "       [185., 222., 206., 249.],\n",
      "       [141., 231., 215., 174.]]), array([[187., 235., 185., 222.],\n",
      "       [249., 214., 141., 231.],\n",
      "       [206., 249., 207., 211.],\n",
      "       [215., 174., 211., 131.]]), array([[187., 235., 185., 222.],\n",
      "       [249., 214., 141., 231.],\n",
      "       [207., 211., 206., 249.],\n",
      "       [211., 131., 215., 174.]])]\n"
     ]
    },
    {
     "ename": "TypeError",
     "evalue": "Argument 'A' must be an instance of <class 'galois.GF(2^8, primitive_element='x', irreducible_poly='x^8 + x^4 + x^3 + x^2 + 1')'>, not <class 'numpy.ndarray'>.",
     "output_type": "error",
     "traceback": [
      "\u001b[31m---------------------------------------------------------------------------\u001b[39m",
      "\u001b[31mTypeError\u001b[39m                                 Traceback (most recent call last)",
      "\u001b[36mCell\u001b[39m\u001b[36m \u001b[39m\u001b[32mIn[59]\u001b[39m\u001b[32m, line 39\u001b[39m\n\u001b[32m     35\u001b[39m M_mix = generar_matriz_invertible_gf(\u001b[32m3\u001b[39m, seed + \u001b[32m99\u001b[39m)\n\u001b[32m     36\u001b[39m R_m, G_m, B_m = mezclar_canales_gf(R_b, G_b, B_b, M_mix)\n\u001b[32m     37\u001b[39m \n\u001b[32m     38\u001b[39m \u001b[38;5;66;03m# --- ETAPA D: Cifrado por bloques 4x4 en GF(256) ---\u001b[39;00m\n\u001b[32m---> \u001b[39m\u001b[32m39\u001b[39m c_r = cifrar_canal_gf(R_m, matrices_sets[\u001b[32m0\u001b[39m])\n\u001b[32m     40\u001b[39m c_g = cifrar_canal_gf(G_m, matrices_sets[\u001b[32m1\u001b[39m])\n\u001b[32m     41\u001b[39m c_b = cifrar_canal_gf(B_m, matrices_sets[\u001b[32m2\u001b[39m])\n\u001b[32m     42\u001b[39m \n",
      "\u001b[36mCell\u001b[39m\u001b[36m \u001b[39m\u001b[32mIn[57]\u001b[39m\u001b[32m, line 42\u001b[39m, in \u001b[36mcifrar_canal_gf\u001b[39m\u001b[34m(canal, matrices_finales)\u001b[39m\n\u001b[32m     38\u001b[39m     (La multiplicación bajo objetos galois.FieldArray intercepta y aplica módulo irreducible).\n\u001b[32m     39\u001b[39m     \"\"\"\n\u001b[32m     40\u001b[39m     resultado = canal\n\u001b[32m     41\u001b[39m     \u001b[38;5;28;01mfor\u001b[39;00m Mi \u001b[38;5;28;01min\u001b[39;00m matrices_finales:\n\u001b[32m---> \u001b[39m\u001b[32m42\u001b[39m         resultado = Mi @ resultado\n\u001b[32m     43\u001b[39m     \u001b[38;5;28;01mreturn\u001b[39;00m resultado\n",
      "\u001b[36mFile \u001b[39m\u001b[32mc:\\Users\\user\\Desktop\\Universidad\\Encription Algorithm\\Feature-Projects\\.venv\\Lib\\site-packages\\galois\\_domains\\_array.py:527\u001b[39m, in \u001b[36mArray.__rmatmul__\u001b[39m\u001b[34m(self, other)\u001b[39m\n\u001b[32m    526\u001b[39m \u001b[38;5;28;01mdef\u001b[39;00m\u001b[38;5;250m \u001b[39m\u001b[34m__rmatmul__\u001b[39m(\u001b[38;5;28mself\u001b[39m, other: npt.NDArray) -> Self:\n\u001b[32m--> \u001b[39m\u001b[32m527\u001b[39m     \u001b[38;5;28;01mreturn\u001b[39;00m \u001b[30;43msuper\u001b[39;49m\u001b[30;43m(\u001b[39;49m\u001b[30;43m)\u001b[39;49m\u001b[30;43m.\u001b[39;49m\u001b[30;43m__rmatmul__\u001b[39;49m\u001b[30;43m(\u001b[39;49m\u001b[30;43mother\u001b[39;49m\u001b[30;43m)\u001b[39;49m\n",
      "\u001b[36mFile \u001b[39m\u001b[32mc:\\Users\\user\\Desktop\\Universidad\\Encription Algorithm\\Feature-Projects\\.venv\\Lib\\site-packages\\galois\\_domains\\_ufunc.py:689\u001b[39m, in \u001b[36mUFuncMixin.__array_ufunc__\u001b[39m\u001b[34m(self, ufunc, method, *inputs, **kwargs)\u001b[39m\n\u001b[32m    686\u001b[39m     \u001b[38;5;28;01mif\u001b[39;00m method \u001b[38;5;129;01min\u001b[39;00m [\u001b[33m\"\u001b[39m\u001b[33mreduce\u001b[39m\u001b[33m\"\u001b[39m]:\n\u001b[32m    687\u001b[39m         kwargs[\u001b[33m\"\u001b[39m\u001b[33mdtype\u001b[39m\u001b[33m\"\u001b[39m] = field.dtypes[-\u001b[32m1\u001b[39m]\n\u001b[32m--> \u001b[39m\u001b[32m689\u001b[39m     \u001b[38;5;28;01mreturn\u001b[39;00m \u001b[30;43mgetattr\u001b[39;49m\u001b[30;43m(\u001b[39;49m\u001b[30;43mfield\u001b[39;49m\u001b[30;43m,\u001b[39;49m\u001b[30;43m \u001b[39;49m\u001b[30;43mfield\u001b[39;49m\u001b[30;43m.\u001b[39;49m\u001b[30;43m_OVERRIDDEN_UFUNCS\u001b[39;49m\u001b[30;43m[\u001b[39;49m\u001b[30;43mufunc\u001b[39;49m\u001b[30;43m]\u001b[39;49m\u001b[30;43m)\u001b[39;49m\u001b[30;43m(\u001b[39;49m\u001b[30;43mufunc\u001b[39;49m\u001b[30;43m,\u001b[39;49m\u001b[30;43m \u001b[39;49m\u001b[30;43mmethod\u001b[39;49m\u001b[30;43m,\u001b[39;49m\u001b[30;43m \u001b[39;49m\u001b[30;43minputs\u001b[39;49m\u001b[30;43m,\u001b[39;49m\u001b[30;43m \u001b[39;49m\u001b[30;43mkwargs\u001b[39;49m\u001b[30;43m,\u001b[39;49m\u001b[30;43m \u001b[39;49m\u001b[30;43mmeta\u001b[39;49m\u001b[30;43m)\u001b[39;49m\n\u001b[32m    691\u001b[39m \u001b[38;5;28;01mif\u001b[39;00m ufunc \u001b[38;5;129;01min\u001b[39;00m field._UNSUPPORTED_UFUNCS:\n\u001b[32m    692\u001b[39m     \u001b[38;5;28;01mraise\u001b[39;00m \u001b[38;5;167;01mNotImplementedError\u001b[39;00m(\n\u001b[32m    693\u001b[39m         \u001b[33mf\u001b[39m\u001b[33m\"\u001b[39m\u001b[33mThe NumPy ufunc \u001b[39m\u001b[38;5;132;01m{\u001b[39;00mufunc.\u001b[34m__name__\u001b[39m\u001b[38;5;132;01m!r}\u001b[39;00m\u001b[33m is not supported on \u001b[39m\u001b[38;5;132;01m{\u001b[39;00mfield.name\u001b[38;5;132;01m}\u001b[39;00m\u001b[33m arrays. \u001b[39m\u001b[33m\"\u001b[39m\n\u001b[32m    694\u001b[39m         \u001b[33m\"\u001b[39m\u001b[33mIf you believe this ufunc should be supported, \u001b[39m\u001b[33m\"\u001b[39m\n\u001b[32m    695\u001b[39m         \u001b[33m\"\u001b[39m\u001b[33mplease submit a GitHub issue at https://github.com/mhostetter/galois/issues.\u001b[39m\u001b[33m\"\u001b[39m\n\u001b[32m    696\u001b[39m     )\n",
      "\u001b[36mFile \u001b[39m\u001b[32mc:\\Users\\user\\Desktop\\Universidad\\Encription Algorithm\\Feature-Projects\\.venv\\Lib\\site-packages\\galois\\_domains\\_ufunc.py:555\u001b[39m, in \u001b[36mmatmul_ufunc.__call__\u001b[39m\u001b[34m(self, ufunc, method, inputs, kwargs, meta)\u001b[39m\n\u001b[32m    553\u001b[39m \u001b[38;5;28;01mdef\u001b[39;00m\u001b[38;5;250m \u001b[39m\u001b[34m__call__\u001b[39m(\u001b[38;5;28mself\u001b[39m, ufunc, method, inputs, kwargs, meta):\n\u001b[32m    554\u001b[39m     \u001b[38;5;28mself\u001b[39m._verify_method_only_call(ufunc, method)\n\u001b[32m--> \u001b[39m\u001b[32m555\u001b[39m     \u001b[38;5;28;01mreturn\u001b[39;00m \u001b[30;43mmatmul_jit\u001b[39;49m\u001b[30;43m(\u001b[39;49m\u001b[30;43mself\u001b[39;49m\u001b[30;43m.\u001b[39;49m\u001b[30;43mfield\u001b[39;49m\u001b[30;43m)\u001b[39;49m\u001b[30;43m(\u001b[39;49m\u001b[30;43m*\u001b[39;49m\u001b[30;43minputs\u001b[39;49m\u001b[30;43m,\u001b[39;49m\u001b[30;43m \u001b[39;49m\u001b[30;43m*\u001b[39;49m\u001b[30;43m*\u001b[39;49m\u001b[30;43mkwargs\u001b[39;49m\u001b[30;43m)\u001b[39;49m\n",
      "\u001b[36mFile \u001b[39m\u001b[32mc:\\Users\\user\\Desktop\\Universidad\\Encription Algorithm\\Feature-Projects\\.venv\\Lib\\site-packages\\galois\\_domains\\_linalg.py:191\u001b[39m, in \u001b[36mmatmul_jit.__call__\u001b[39m\u001b[34m(self, A, B, out, **kwargs)\u001b[39m\n\u001b[32m    190\u001b[39m \u001b[38;5;28;01mdef\u001b[39;00m\u001b[38;5;250m \u001b[39m\u001b[34m__call__\u001b[39m(\u001b[38;5;28mself\u001b[39m, A: Array, B: Array, out=\u001b[38;5;28;01mNone\u001b[39;00m, **kwargs) -> Array:\n\u001b[32m--> \u001b[39m\u001b[32m191\u001b[39m     \u001b[30;43mverify_isinstance\u001b[39;49m\u001b[30;43m(\u001b[39;49m\u001b[30;43mA\u001b[39;49m\u001b[30;43m,\u001b[39;49m\u001b[30;43m \u001b[39;49m\u001b[30;43mself\u001b[39;49m\u001b[30;43m.\u001b[39;49m\u001b[30;43mfield\u001b[39;49m\u001b[30;43m)\u001b[39;49m\n\u001b[32m    192\u001b[39m     verify_isinstance(B, \u001b[38;5;28mself\u001b[39m.field)\n\u001b[32m    193\u001b[39m     \u001b[38;5;28;01mif\u001b[39;00m \u001b[38;5;129;01mnot\u001b[39;00m (A.ndim >= \u001b[32m1\u001b[39m \u001b[38;5;129;01mand\u001b[39;00m B.ndim >= \u001b[32m1\u001b[39m):\n",
      "\u001b[36mFile \u001b[39m\u001b[32mc:\\Users\\user\\Desktop\\Universidad\\Encription Algorithm\\Feature-Projects\\.venv\\Lib\\site-packages\\galois\\_helper.py:45\u001b[39m, in \u001b[36mverify_isinstance\u001b[39m\u001b[34m(argument, types, optional)\u001b[39m\n\u001b[32m     43\u001b[39m args = string[string.find(\u001b[33m\"\u001b[39m\u001b[33m(\u001b[39m\u001b[33m\"\u001b[39m) + \u001b[32m1\u001b[39m : -\u001b[32m1\u001b[39m].split(\u001b[33m\"\u001b[39m\u001b[33m,\u001b[39m\u001b[33m\"\u001b[39m)\n\u001b[32m     44\u001b[39m argument_name = args[\u001b[32m0\u001b[39m]\n\u001b[32m---> \u001b[39m\u001b[32m45\u001b[39m \u001b[38;5;28;01mraise\u001b[39;00m \u001b[38;5;167;01mTypeError\u001b[39;00m(\u001b[33mf\u001b[39m\u001b[33m\"\u001b[39m\u001b[33mArgument \u001b[39m\u001b[38;5;132;01m{\u001b[39;00margument_name\u001b[38;5;132;01m!r}\u001b[39;00m\u001b[33m must be an instance of \u001b[39m\u001b[38;5;132;01m{\u001b[39;00mtypes\u001b[38;5;132;01m}\u001b[39;00m\u001b[33m, not \u001b[39m\u001b[38;5;132;01m{\u001b[39;00m\u001b[38;5;28mtype\u001b[39m(argument)\u001b[38;5;132;01m}\u001b[39;00m\u001b[33m.\u001b[39m\u001b[33m\"\u001b[39m)\n",
      "\u001b[31mTypeError\u001b[39m: Argument 'A' must be an instance of <class 'galois.GF(2^8, primitive_element='x', irreducible_poly='x^8 + x^4 + x^3 + x^2 + 1')'>, not <class 'numpy.ndarray'>."
     ]
    }
   ],
   "source": [
    "# ---------------------------------------------------------\n",
    "# 4. PIPELINE DE EJECUCIÓN PRINCIPAL\n",
    "# ---------------------------------------------------------\n",
    "path = r\"./Imagenes/4.2.03.png\"\n",
    "img = Image.open(path).convert(\"RGB\")\n",
    "R, G, B = img.split()\n",
    "h, w = img.height, img.width\n",
    "\n",
    "R_arr = np.array(R)\n",
    "G_arr = np.array(G)\n",
    "B_arr = np.array(B)\n",
    "\n",
    "seed = secrets.randbits(32)\n",
    "\n",
    "keys = [\n",
    "    np.random.default_rng(seed + 1).integers(0, 256, max(h, w)),\n",
    "    np.random.default_rng(seed + 2).integers(0, 256, max(h, w)),\n",
    "    np.random.default_rng(seed + 3).integers(0, 256, max(h, w)),\n",
    "]\n",
    "\n",
    "matrices_sets = generar_matrices_4x4_gf(seed)\n",
    "\n",
    "# --- ETAPA A ---\n",
    "R_arr_p = permutacion_global_pixeles(R_arr, seed + 10)\n",
    "G_arr_p = permutacion_global_pixeles(G_arr, seed + 20)\n",
    "B_arr_p = permutacion_global_pixeles(B_arr, seed + 30)\n",
    "\n",
    "# --- ETAPA B ---\n",
    "R_b = canal_a_bloques_gf(R_arr_p)\n",
    "G_b = canal_a_bloques_gf(G_arr_p)\n",
    "B_b = canal_a_bloques_gf(B_arr_p)\n",
    "\n",
    "# --- ETAPA C ---\n",
    "M_mix = generar_matriz_invertible_gf(3, seed + 99)\n",
    "R_m, G_m, B_m = mezclar_canales_gf(R_b, G_b, B_b, M_mix)\n",
    "\n",
    "# --- ETAPA D ---\n",
    "c_r = cifrar_canal_gf(R_m, matrices_sets[0])\n",
    "c_g = cifrar_canal_gf(G_m, matrices_sets[1])\n",
    "c_b = cifrar_canal_gf(B_m, matrices_sets[2])\n",
    "\n",
    "# Reconstrucción 2D\n",
    "c_r_2d = np.asarray(c_r).reshape(-1)[: h * w].reshape(h, w)\n",
    "c_g_2d = np.asarray(c_g).reshape(-1)[: h * w].reshape(h, w)\n",
    "c_b_2d = np.asarray(c_b).reshape(-1)[: h * w].reshape(h, w)\n",
    "\n",
    "# --- ETAPA E ---\n",
    "K_perm = np.asarray(construir_llave_permutacion_gf(keys))\n",
    "\n",
    "r_final = permutacion_global_pixeles(c_r_2d, seed + 100)\n",
    "g_final = permutacion_global_pixeles(c_g_2d, seed + 200)\n",
    "b_final = permutacion_global_pixeles(c_b_2d, seed + 300)\n",
    "\n",
    "# --- GUARDADO ---\n",
    "cifrado_visual = np.stack([r_final, g_final, b_final], axis=2).astype(np.uint8)\n",
    "ruta_guardado = r\"./Imagenes/cifrado.png\"\n",
    "Image.fromarray(cifrado_visual, mode=\"RGB\").save(ruta_guardado)\n",
    "\n",
    "print(\"¡Cifrado completado exitosamente con GF(2^8)!\")"
   ]
  },
  {
   "cell_type": "markdown",
   "id": "8ea54843",
   "metadata": {},
   "source": [
    "# CHANGES \n",
    "\n",
    "This involves swapping those deterministic parts into quantum - chaotic ones"
   ]
  },
  {
   "cell_type": "markdown",
   "id": "a5db4914",
   "metadata": {},
   "source": [
    "## New Matrix Gens\n",
    "\n",
    "I'll use Quantum Logistic Chaotic Map, for selecting the keys\n",
    "\n",
    "CITE\n",
    "Phys. Rev. A 41, 5705(R) – Published 1 May, 1990\n",
    "\n",
    "DOI: https://doi.org/10.1103/PhysRevA.41.5705\n",
    "\n",
    "$$\n",
    "\\begin{aligned}\n",
    "x_{n+1} &= \\eta(x_n - |x_n|^2) - \\eta y_n \\\\[10pt]\n",
    "y_{n+1} &= -y_n e^{-2\\gamma} + e^{-\\gamma}\\eta \\left[ (2 - x_n - x_n^*)y_n - x_n z_n^* - x_n^* z_n \\right] \\\\[10pt]\n",
